fx: 613.971
fy: 613.69
cx: 249.698
cy: 413.353
tx: 40
mind: 300
maxd: 2000
f0: 613.971
